mapRoboticLabINAOE.jpg
8
0.65 0.2
11.685
4
-1.05 -1.65
3.65 -1.3
3.4 1.15
-1.2 0.9
4.25 0.05
7.03875
4
3.4 -1.35
6.3 -1.25
6.25 1.2
3.35 1.05
4.9 1.85
4.44375
4
3.35 1.05
6.2 1.1
6.05 2.7
3.35 2.65
4.65 4.65
7.7
4
3.35 2.6
6 2.7
6.15 5.4
3.2 5.4
1.65 4.15
7.145
4
3.3 2.65
3.25 5.35
0.7 5.35
0.75 2.45
1.15 1.65
7.55125
4
-1.2 0.85
3.35 1
3.35 2.6
-1.25 2.55
-0.05 3.25
5.84375
4
-1.3 2.5
0.85 2.5
0.65 5.25
-1.45 5.25
-0.05 5.75
3.20625
4
-1.45 5.25
0.7 5.3
0.8 6.75
-1.55 6.65
0 3.774265 5.44205 8.30415 5.3941 3.264215 3.78995 6.33135
3.774265 0 2.13137 4.993505 6.01985 4.16777 5.9391 8.4391
5.44205 2.13137 0 2.882845 5.44855 5.8941 7.66545 11.43495
8.30415 4.993505 2.882845 0 3.132845 5.3092 5.732 8.232
5.3941 6.01985 5.44855 3.132845 0 2.686395 3.10919 5.6092
3.264215 4.16777 5.8941 5.3092 2.686395 0 2.076345 4.576345
3.78995 5.9391 7.66545 5.732 3.10919 2.076345 0 2.5
6.33135 8.4391 11.43495 8.232 5.6092 4.576345 2.5 0
