mapRoboticLabINAOE.jpg
8
163 154
4674
4
129 117
223 124
218 173
126 168
235 151
2815.5
4
218 123
276 125
275 174
217 171
248 187
1777.5
4
217 171
274 172
271 204
217 203
243 243
3080
4
217 202
270 204
273 258
214 258
183 233
2858
4
216 203
215 257
164 257
165 199
173 183
3020.5
4
126 167
217 170
217 202
125 201
149 215
2337.5
4
124 200
167 200
163 255
121 255
149 265
1282.5
4
121 255
164 256
166 285
119 283
0 75.4853 108.841 166.083 107.882 65.2843 75.799 126.627
75.4853 0 42.6274 99.8701 120.397 83.3554 118.782 168.782
108.841 42.6274 0 57.6569 108.971 117.882 153.309 228.699
166.083 99.8701 57.6569 0 62.6569 106.184 114.64 164.64
107.882 120.397 108.971 62.6569 0 53.7279 62.1838 112.184
65.2843 83.3554 117.882 106.184 53.7279 0 41.5269 91.5269
75.799 118.782 153.309 114.64 62.1838 41.5269 0 0
126.627 168.782 228.699 164.64 112.184 91.5269 0 0

